//==============================================================================
//www.titanstech.com
//------------------------------------------------------------------------------
//Revised 11 Aug, 2005			
//==============================================================================
//shop10 - Noria Potion Fairy
//

14 0 0 1 0 0 0 0
14 1 0 1 0 0 0 0
14 2 0 1 0 0 0 0
14 3 0 1 0 0 0 0

 0 10 0 0 0 0 1 0 //Vine helm
 7 11 0 0 0 1 1 0 //Silk helm

14 4 0 1 0 0 0 0
14 5 0 1 0 0 0 0
14 6 0 1 0 0 0 0
14 8 0 1 0 0 0 0

14 0 0 3 0 0 0 0
14 1 0 3 0 0 0 0
14 2 0 3 0 0 0 0
14 3 0 3 0 0 0 0

 8 10 0 0 0 0 1 0 //Vine armor
 8 11 0 0 0 1 1 0 //Silk armor

14 4 0 3 0 0 0 0
14 5 0 3 0 0 0 0
14 6 0 3 0 0 0 0
14 8 0 3 0 0 0 0

14 0 0 10 0 0 0 0
14 1 0 10 0 0 0 0
14 2 0 10 0 0 0 0
14 3 0 10 0 0 0 0

 9 10 0 0 0 0 1 0 //Vine pants
 9 11 0 0 0 1 1 0 //Silk pants

14 4 0 10 0 0 0 0
14 5 0 10 0 0 0 0
14 6 0 10 0 0 0 0
14 8 0 10 0 0 0 0

14 0 0 20 0 0 0 0
14 1 0 20 0 0 0 0
14 2 0 20 0 0 0 0
14 3 0 20 0 0 0 0

10 10 0 0 0 0 1 0 //Vine gloves
10 11 0 0 0 1 1 0 //Silk gloves

14 4 0 20 0 0 0 0
14 5 0 20 0 0 0 0
14 6 0 20 0 0 0 0
14 8 0 20 0 0 0 0

12 8 0 0 0 0 0 0  //Healing Orb
12 9 0 0 0 0 0 0  //Advanced Defence
12 10 0 0 0 0 0 0 //Advanced Damage
12 11 0 0 0 0 0 0 //Summon Goblin

11 10 0 0 0 0 1 0 //Vine boots
11 11 0 0 0 1 1 0 //Silk boots


4 7  0 255  0 0 0 0 //Arrows +0
4 15 0 255  0 0 0 0 //Bolts +0
4 7  3 255  0 0 0 0 //Arrows +3
4 15 3 255  0 0 0 0 //Bolts +3
4 7  5 255  0 0 0 0 //Arrows +5
4 15 5 255  0 0 0 0 //Bolts +5
4 7  6 255  0 0 0 0 //Arrows +6
4 15 6 255  0 0 0 0 //Bolts +6

4 7  8 255  0 0 0 0 //Arrows +8
4 15 8 255  2 0 0 0 //Bolts +8
4 7  9 255  0 0 0 0 //Arrows +9
4 15 9 255  3 0 0 0 //Bolts +9
4 7  11 255 0 0 0 0 //Arrows +11
4 15 11 255 0 2 0 0 //Bolts +11
4 7  12 255 0 0 0 0 //Arrows +12
4 15 12 255 0 3 0 0 //Bolts +12

end
