//==============================================================================
//www.titanstech.com
//------------------------------------------------------------------------------
//Revised 11 Aug, 2005			
//==============================================================================
//shop3 - Lorencia Peddler (near east exit)
//

//Potions
14 0 0 3 0 0 0 0 //
14 1 0 3 0 0 0 0 //
14 2 0 3 0 0 0 0 //
14 3 0 3 0 0 0 0 //
14 4 0 3 0 0 0 0 //
14 5 0 3 0 0 0 0 //
14 6 0 3 0 0 0 0 //
14 8 0 3 0 0 0 0 //

14 0 0 10 0 0 0 0 //
14 1 0 10 0 0 0 0 //
14 2 0 10 0 0 0 0 //
14 3 0 10 0 0 0 0 //
14 4 0 10 0 0 0 0 //
14 5 0 10 0 0 0 0 //
14 6 0 10 0 0 0 0 //
14 8 0 10 0 0 0 0 //

14 0 0 20 0 0 0 0 //
14 1 0 20 0 0 0 0 //
14 2 0 20 0 0 0 0 //
14 3 0 20 0 0 0 0 //
14 4 0 20 0 0 0 0 //
14 5 0 20 0 0 0 0 //
14 6 0 20 0 0 0 0 //
14 8 0 20 0 0 0 0 //

14 0 0 30 0 0 0 0 //
14 1 0 30 0 0 0 0 //
14 2 0 30 0 0 0 0 //
14 3 0 30 0 0 0 0 //
14 4 0 30 0 0 0 0 //
14 5 0 30 0 0 0 0 //
14 6 0 30 0 0 0 0 //
14 8 0 30 0 0 0 0 //

//Items(DK)
7 5 0 0 0 0 0 0 //Leather helm
9 5 0 0 0 0 0 0 //Leather pants
10 5 0 0 0 0 0 0 //Leather gloves
11 5 0 0 0 0 0 0 //Leather boots
8 5 0 0 0 0 0 0 //Leather armor

6 0 0 0 0 0 0 0 //Roundshield
1 0 0 0 0 0 0 0 //Small Axe
0 1 0 0 0 0 0 0 //Shortsword

1 1 0 0 0 0 0 0 //Hatchet
0 0 0 0 0 0 0 0 //Kris
2 0 0 0 0 0 0 0 //Mace
0 2 0 0 0 0 0 0 //Rapier

end
