14 0 0 1 0 0 0 0
14 1 0 1 0 0 0 0
14 2 0 1 0 0 0 0
14 3 0 1 0 0 0 0
14 4 0 1 0 0 0 0
14 5 0 1 0 0 0 0
14 6 0 1 0 0 0 0
14 8 0 1 0 0 0 0

14 0 0 3 0 0 0 0
14 1 0 3 0 0 0 0
14 2 0 3 0 0 0 0
14 3 0 3 0 0 0 0
14 4 0 3 0 0 0 0
14 5 0 3 0 0 0 0
14 6 0 3 0 0 0 0
14 8 0 3 0 0 0 0

14 0 0 10 0 0 0 0
14 1 0 10 0 0 0 0
14 2 0 10 0 0 0 0
14 3 0 10 0 0 0 0
14 4 0 10 0 0 0 0
14 5 0 10 0 0 0 0
14 6 0 10 0 0 0 0
14 8 0 10 0 0 0 0

14 0 0 20 0 0 0 0
14 1 0 20 0 0 0 0
14 2 0 20 0 0 0 0
14 3 0 20 0 0 0 0
14 4 0 20 0 0 0 0
14 5 0 20 0 0 0 0
14 6 0 20 0 0 0 0
14 8 0 20 0 0 0 0

4 7  0 255 0 0 0 0 //Arrows +0
4 15 0 255 0 0 0 0 //Bolts +0
4 7  3 255 0 0 0 0 //Arrows +3
4 15 3 255 0 0 0 0 //Bolts +3
4 7  4 255 0 0 1 0 //Arrows +4
4 15 4 255 0 0 1 0 //Bolts +4
4 7  5 255 0 0 2 0 //Arrows +5
4 15 5 255 0 0 2 0 //Bolts +5

13 29 0 0 0 0 0 0 //Armor of Guardman
//12 30 0 0 0 0 0 0
//12 31 0 0 0 0 0 0

end