// Generated from itemsettype.bmd with MuOnline PentiumTools
//index	Set Type a	Set Type b	2	3
0
2	21	0	0	0
14	11	0	0	0
32	37	38	0	0
end
1
end
2
1	1	0	0	0
end
3
end
4
5	29	0	0	0
9	23	0	0	0
end
5
0	13	0	0	0
end
6
0	2	0	0	0
6	17	0	0	0
9	5	0	0	0
end
7
0	4	0	0	0
1	11	12	0	0
2	13	14	0	0
3	19	20	0	0
4	16	0	0	0
5	1	2	0	0
6	5	6	0	0
7	17	0	0	0
8	8	0	0	0
9	10	0	0	0
10	21	22	0	0
11	23	0	0	0
12	25	0	0	0
13	28	0	0	0
14	0	30	0	0
26	33	0	0	0
40	35	36	0	0
59	37	0	0	0
62	39	0	0	0
63	40	0	0	0
64	41	0	0	0
65	42	0	0	0
66	43	0	0	0
67	44	0	0	0
68	45	0	0	0
69	46	0	0	0
70	47	0	0	0
72	49	0	0	0
end
8
0	3	0	0	0
1	0	12	0	0
2	13	0	0	0
3	19	20	0	0
4	15	16	0	0
5	1	0	0	0
6	5	6	0	0
7	17	18	0	0
8	7	0	0	0
9	9	10	0	0
10	22	0	0	0
11	23	0	0	0
12	25	0	0	0
13	27	0	0	0
14	29	30	0	0
15	31	32	0	0
26	33	0	0	0
40	0	36	0	0
59	37	38	0	0
62	39	0	0	0
63	40	0	0	0
64	41	0	0	0
65	42	0	0	0
66	43	0	0	0
67	44	0	0	0
68	45	0	0	0
69	46	0	0	0
70	47	0	0	0
71	48	0	0	0
72	49	0	0	0
end
9
0	3	4	0	0
1	0	12	0	0
2	13	14	0	0
3	0	20	0	0
4	15	0	0	0
5	1	2	0	0
6	5	6	0	0
7	17	18	0	0
8	7	8	0	0
9	10	0	0	0
10	21	22	0	0
11	23	24	0	0
12	25	26	0	0
13	27	28	0	0
14	0	30	0	0
15	31	32	0	0
26	33	34	0	0
40	35	0	0	0
59	37	38	0	0
62	39	0	0	0
63	40	0	0	0
64	41	0	0	0
65	42	0	0	0
66	43	0	0	0
67	44	0	0	0
68	45	0	0	0
69	46	0	0	0
70	47	0	0	0
71	48	0	0	0
72	49	0	0	0
end
10
0	4	0	0	0
1	11	0	0	0
2	13	0	0	0
3	19	0	0	0
4	16	0	0	0
5	1	0	0	0
6	6	0	0	0
7	17	0	0	0
8	7	0	0	0
9	9	0	0	0
10	21	0	0	0
11	23	24	0	0
12	25	0	0	0
13	27	0	0	0
14	29	0	0	0
15	0	32	0	0
26	0	34	0	0
40	35	36	0	0
62	39	0	0	0
63	40	0	0	0
64	41	0	0	0
65	42	0	0	0
66	43	0	0	0
67	44	0	0	0
68	45	0	0	0
69	46	0	0	0
70	47	0	0	0
71	48	0	0	0
end
11
0	3	0	0	0
1	11	0	0	0
2	14	0	0	0
3	0	20	0	0
4	15	16	0	0
5	1	2	0	0
6	6	0	0	0
7	17	18	0	0
8	7	0	0	0
9	9	0	0	0
10	21	22	0	0
11	24	0	0	0
12	25	26	0	0
13	28	0	0	0
14	29	30	0	0
15	31	0	0	0
26	0	34	0	0
40	0	36	0	0
59	38	0	0	0
62	39	0	0	0
63	40	0	0	0
64	41	0	0	0
65	42	0	0	0
66	43	0	0	0
67	44	0	0	0
68	45	0	0	0
69	46	0	0	0
70	47	0	0	0
71	48	0	0	0
72	49	0	0	0
end
12
end
13
8	1	0	0	0
9	9	33	0	0
12	5	0	0	0
13	7	0	0	0
21	19	32	0	0
22	21	12	0	0
23	9	0	0	0
24	13	35	0	0
25	13	34	0	0
26	15	0	0	0
27	31	0	0	0
28	29	0	0	0
end
14
end
15
end
