////////////////////////////////////////////////////////////////////////////////
// Text GS 1.00.18
// Version 1.04
// Translated - by Endi 
// MoveLevel
////////////////////////////////////////////////////////////////////////////////
//	Level	Map	x	y	x	y
	50	6	72	140	73	181	//Arena
	50	30	90	35	95	40	//Deep Event
	0	0	133	118	151	135	//Lorencia
	0	3	171	108	177	117	//Noria
	15	2	197	35	218	50	//Devias
	50	2	23	27	27	24	//Devias2
	50	2	224	231	227	227	//Devias3
	15	2	69	181	72	178	//Devias4
	20	1	107	247	110	247	//Dungeon
	40	1	231	126	234	127	//Dungeon2
	40	1	3	83	4	86	//Dungeon3
	60	7	14	11	27	23	//Atlans
	60	7	225	53	228	50	//Atlans2
	60	7	62	163	68	157	//Atlans3
	70	5	102	32	102	30	//PlaceExile
	80	4	203	70	213	81	//Lost Tower
	80	4	241	237	244	238	//Lost Tower2
	80	4	86	166	87	168	//Lost Tower3
	80	4	87	86	88	89	//Lost Tower4
	80	4	128	53	131	54	//Lost Tower5
	80	4	52	53	55	54	//Lost Tower6
	80	4	8	85	9	87	//Lost Tower7
	130	8	187	54	203	69	//Tarkan
	135	8	96	143	100	146	//Tarkan2
	170	10	14	13	16	13	//Icarus
	175	10	249	1	248	2	//Icarus2
	180	34	229     37      239     46	//CryWolf
	190	34	108	17	109	13	//CryWolf2
	200	33	82 	8 	87 	14	//Aida
